RESERVOIRS	res_proj_hydro_efficiency	proj_hydro_min_vol	proj_hydro_max_vol	initial_res_vol	final_res_vol
pangue  0.8851  26600000	71960000	65168936	65168936
el_toro 4.74    420967311	5573539080	1135116962	1135116962
ralco   1.55    409083898	1172732685	417586225	417586225
canutillar  1.92    0	1065468500	107937360	107937360
rapel   0.674   142645186	433315507	228898545	228898545
pehuenche   1.66666667  106580000	129562077	116985915	116985915
colbun  1.4286  380201656	1557811776	1041034239	1041034239
cipreses    2.7857  222715	180438959	68722330	68722330
machicura   0.321428571 2330011	17700920	11634941	11634941
